123138047859490818 1045 19 16
202673362764431360 1049 12 10
280527023632416768 1028 10 10
487502417592582144 1013 2 1
560353342723850250 968 0 2
265334875358232587 983 0 1
167021709851885579 1106 27 17
257361734489210882 959 1 4
625840900710596620 1008 15 16
262276407005020160 1053 7 4
208703032685232129 926 14 18
727917721005588571 1015 1 0
301082461985570821 946 7 11
194129641873604609 1093 31 14
695908651264901120 950 2 7
355366164962082816 1027 6 7
309183407219539989 956 0 3
544680596610351104 985 0 1
683763179939299440 1012 2 1
372009872792748034 988 1 2
231965609020096513 998 1 1
396351087533228032 1195 22 1
732632031355469997 885 0 12
357993358570029057 977 4 7
298315476113555457 953 0 3
397503978298146816 985 2 3
169964469252915200 1148 20 1
733348684649070612 852 1 20
283666840092147713 970 1 3
338968685811335170 1002 4 6
531268189590650897 972 0 2
536225265668587520 989 2 4
282513931854151681 963 0 3
299687472521150464 981 1 3
331651627368972290 1031 3 2
275466491699396608 992 1 2
247155783999946764 969 0 2
618889582649278464 1028 2 1
